0
7.574099823941155	21.131177250236142
16.55752179547741	7.812244196819249
13.397557731431167	8.546440127875584
22.549358822885377	21.439484984584276
11.832776886463204	1.1204800871661313
8.700123456513762	9.148054148068233
24.375167739134188	2.979952580858863
5.01556030940335	16.603764905294245
2.7879367867716858	20.1623594497784
23.308948591133248	19.006061553382235
13.324784458413738	0.038323316209215585
16.007771578674713	1.7943379729389282
17.525975343447833	13.78265577974068
9.978049341056739	13.436337461866344
1.7217314163528896	18.84870442815704
24.104287243316687	1.9235146553902127
10.623951585430728	16.84287200997136
3.3131727652788574	23.868796679176736
16.290595897890874	4.5448106595537245
10.835618303276457	8.77890717663809
2.3066356774264913	2.0736968351643292
14.76441890185276	21.156436011974325
14.24128745799271	7.362112628649426
9.38376181230067	14.57610010333011
21.313334827620007	20.166444761866025
1.3220025963613102	14.775132084497876
0.7246386041197206	1.8163482528509078
15.310582084605514	3.0995166588095175
20.30652892973022	13.785703689050166
9.219640627850534	22.355771620091662
6.964581310253292	8.953626030635805
8.084841782895658	19.232261154633935
22.904345921937207	9.116468569809848
22.040105127642946	20.974502819874292
3.773931999269384	15.910404366744507
3.427403440619184	18.925722120507956
17.668908800986607	19.809035700099724
23.8674612827808	22.87688352535152
6.410807665309773	18.271629356258103
12.74414404369062	7.909711865998584
20.632584087735108	4.434950900044621
19.380534231071685	24.56170902295962
7.9827145273797475	16.965306458251504
17.16610341083373	8.693930221463706
9.194169456642456	24.81728035954727
9.855338777605285	7.681794993888172
19.96640471369233	1.661526515181841
11.467038590809352	8.84849610986003
23.708531959798524	15.217057865875585
23.773060885076333	7.0561029485551705
22.373478865467174	17.305548837964995
16.411290102027884	2.6592495494660944
4.513838554458291	9.506973480118255
1.6482395962510388	16.10146151341479
24.050117521917535	12.909054093449285
1.3319202538244395	3.251319211735029
19.573617159180813	21.2160388145615
5.226285043937917	2.6324637377584974
5.7578899625114035	23.21966844413873
4.575055709884526	18.958011231840146
16.00246230075553	9.26016963577104
9.083558351398564	15.666048403920044
7.976458467582159	5.919368484900134
2.5042762903876388	11.34529329873158
11.429951836781113	4.208527916046273
0.4973168421982588	8.940276665539212
6.0890611646739226	3.4169481864976534
10.729552021649052	15.806987294497379
10.31940246660341	18.727497161725882
19.261487633926443	17.927244088123704
23.687384923745043	20.2370229942956
14.844989575445371	5.267526142784876
2.5367112524512123	18.61525340091215
2.960708469394932	23.39800172096102
17.854499009930574	9.33285255233905
19.858632775642995	2.499336402046956
6.8487940229803455	12.684749345888157
18.171635792521005	3.401668614850975
15.259929976364289	19.491953425955472
10.696406175725048	4.707423412156106
3.096303319596652	12.88362703575244
18.04260443868364	23.72638791897282
10.044722789285576	22.816046672368934
10.113771843650325	24.034477262985238
23.021305706472607	10.146248748886636
10.8024670436217	13.956882448523848
24.857310478733442	8.171802623489244
3.391827399173364	1.3114670748571144
20.611044457022274	8.932703022907546
12.146429898179987	14.115083294198389
4.5207284821796145	1.4079536897433713
2.190627898746583	23.171269627536297
20.86973630075882	21.490765644961705
3.049181693403755	14.161086129767527
20.568753769321525	7.963276552986439
15.381628425236324	9.263205918417288
12.462028679409778	0.3625482760258453
23.269678880132105	6.470877153932472
18.106417901073083	1.8077978279095048
14.358324345654813	18.91945380652496
19.02761179125466	9.663367349196244
24.16786995946708	22.395019839586208
11.156198681245803	18.347566041532914
20.237695826181277	20.60721427128407
20.376887986894353	9.93267983210778
22.920842836206877	22.47616005894412
18.096405998209516	22.131568031764708
2.1876180693489564	14.81928380231046
13.710806279781984	4.145881273521901
16.590608690309054	16.527243303240784
22.806879717541932	24.91819836966669
10.285588719949287	14.224810771314509
11.034130521871758	7.88831441507156
21.781858218131244	23.968732389395786
17.49588423785021	14.761919427985278
18.09959942634799	24.739388737275576
15.364671290826642	3.7537278050090994
9.184251072747768	6.911212545278639
18.418941467633353	20.09386480730127
3.286769137210907	10.215222473591648
4.008648904703238	7.430774828946523
10.953630920312	11.942396542987623
2.976920518269624	0.3248911856192832
18.229411396410296	15.040002269870259
18.899793720855797	1.6395770244495096
10.240795580190643	15.618095564917706
11.718475467204343	13.419998533609528
0.2578960589024404	17.1849679506208
4.5363642995733535	20.44517376726208
5.394338311740321	10.475669338443378
15.604970410537852	5.652875487254014
24.17441383465839	3.9964308644655553
24.770823266366474	8.908862007775847
24.16799321466054	8.510950723441898
24.572430875453204	14.411259197711813
12.278496237940868	3.110730278782392
14.441559767880428	11.611456755155325
4.64931542056323	8.50985220019616
14.8074020247112	1.156444583717395
23.46587488752298	24.409988029741335
8.22590609524568	3.6841497208498
24.184476857346272	9.607455393332659
6.051055118258303	18.791133694409474
14.52969047481322	17.82416809076082
7.406098772434929	14.376965558249957
2.266360716765381	8.251380684677697
1.7101098917487234	9.492928346557433
7.2774381797795495	15.251978527755435
4.868939304918596	15.094339118419533
10.762056021783236	22.172846374935638
17.676787888470496	10.163353221160367
20.93572519604997	13.30200301774534
24.578502463840888	10.675974920465709
16.555310012793097	6.666516853963309
0.7568500505558712	16.677273635486376
19.867149336685504	11.405672923187959
22.179821603320487	14.084638393441647
1.8827803078848322	21.144295247777276
4.292761211631538	3.7310518454745534
8.147497804149086	4.581532664440036
9.036513356867692	18.546703540142655
16.926426980197014	9.660367350390375
6.839635731105986	7.207622112238576
15.273609151167994	16.96742879398281
2.6711033671425715	12.508392746658604
14.158977218327589	0.9225886666559963
0.6558107976542327	11.341742783236395
19.449867374372673	16.96875500783828
11.934784183413713	22.65373061784239
20.605092534657867	15.27176336067601
23.599872270472584	9.020628315939366
14.919929141695873	23.319091460193636
14.499749303427597	7.9269782482109585
14.576806629819075	15.114171296147008
15.53059491170675	21.150614245156582
4.407241990685318	6.641452612195583
9.492664179604516	0.2569855255106446
22.416275930689746	16.55660587674943
19.55554109959493	6.758080892770865
19.56551236483793	23.992686793958413
4.642359089380058	22.109019424999083
3.73296783691697	12.087868717393393
11.69397834497736	20.103624855351963
20.897456687606635	1.6778915237236043
19.417164062024504	18.404779180156055
16.885460533314255	12.11704581604447
2.385002896668362	3.973357820979315
3.91231224060202	5.147631442670708
11.85248768079909	5.798013263950796
11.347798099881674	15.442498526429752
6.311267920826006	23.957792835023106
9.86412654085774	6.39724494690441
5.56021435855315	11.76216370141624
14.748120248758212	10.482639445614922
19.64919433251745	16.404311820406843
21.402741445771305	17.681905417987878
16.098938133628195	24.006408295385288
1.0762107763080149	18.1847785267679
5.585136774790778	8.198624727475885
17.35893734319365	7.0527232461009115
24.792410471759425	13.1472884620056
24.567262192795976	3.5657996780293577
3.645910093144206	14.99770437293769
23.612935007955578	2.724006622908126
0.5391988517552515	7.280488151721087
24.230242393215594	5.709450326865695
13.225698421523083	0.5646005347735683
16.297324777778332	15.919974716743976
20.060723480499394	12.680371127569728
20.72675774732345	10.791787500436529
0.6489292741904878	2.328415871312908
22.040837009246825	13.494480559451706
23.40308362937892	3.8253871398803625
0.1908815889003601	15.896140814839907
16.519442190996212	21.925207558664038
7.953078074504499	24.57229663934431
4.236568631466933	17.61389975785563
22.5424560407737	19.808776647012465
11.737952203162955	7.28499145946406
22.127879896138353	6.002653582262097
1.6469349900191248	5.020989405483825
11.995891488812537	14.694817566673851
2.474487510483081	9.818483992605865
7.026277440493664	17.85617462587069
7.422765055055846	13.819614218835726
18.75332503153096	23.222307927315473
1.8153963946462985	6.094666362784515
19.03208948103362	9.017583270790288
14.937292796433955	2.3812375048268803
6.428577278206779	5.068022534548838
11.028507210591028	1.4677300948441858
5.085079179261459	19.81590326767329
8.333908145340452	13.807923967357407
16.241906178227055	18.611067335959277
8.420656263729557	6.836805567705611
11.907735570313424	10.111891919476873
20.655571656088508	24.382179854113417
3.413285432892393	10.894464347149643
3.5845033457839763	20.0554079235984
1.1276048151614066	2.137430001507706
1.3073848326606878	20.554511189502136
18.030680702290432	4.559745698727396
23.752326924841192	10.38676626430435
11.555946511773826	24.624102342101015
0.17455349150748145	21.657964363021204
5.062368583991931	21.735541982142426
16.215401630609463	20.87548630093536
2.469789757802174	24.8808497481837
24.41850036146091	2.4490202670941152
17.670738741973217	16.391037574974497
14.330545744773953	4.574351444769498
6.647300358926941	22.585980088567872
14.292317535186811	16.39196045876986
13.851122131878308	19.16818715738947
1.2286033414168425	10.202374273964953
23.072580370495846	12.067271301927615
15.467862499812346	11.150700659149162
2.428030916678564	3.317571371359565
24.91304238918958	18.848481659235468
13.084777053078604	10.86427036791789
5.740618406147943	15.953050132021202
13.997455500275299	23.41696712096494
3.9599995621629915	14.422712543450169
5.259666351624922	6.023411775886964
2.4203257387408166	7.097349105462042
22.328157207678586	10.851187880447869
1.922725579810114	2.4658877288153276
18.272762491997295	18.717310522994826
19.92230361683667	7.414017971987147
5.7283894337687356	12.625306905885134
22.757325081033546	12.698887718222476
18.426866489897733	10.769305050101243
2.3526474011920873	9.036193255611588
23.062625681381803	13.41142058507365
16.642388378822023	23.417404871342864
12.077072338956901	24.12514208659837
6.160004015974005	6.980488008424112
23.385798985128055	22.17856165638727
2.428691775325234	13.670752732704667
12.496738245718989	24.902349741300117
8.959794945849278	4.444441692463891
2.0569862290784195	13.03926314893667
7.940593107376897	1.171723837875374
1.346065142331529	8.252856683452572
5.041155055532709	5.0924924012882125
20.68478475199978	12.648409060118897
10.22668250016494	1.6922374925969068
1.4999326288743342	7.48086347910312
18.00765250322715	1.3088439142024648
21.783743538352365	5.197871618202702
23.243660160065925	20.540936698127435
14.756339243503842	15.984965887892832
19.374084789633383	20.262927234680934
10.776653649215826	19.88366720788111
23.617449453791274	12.292678607894135
20.216738951490427	4.865723363971891
4.5340176643101495	10.96530616464149
2.5480068521258366	23.884663536779176
4.272853376283053	18.22126085319187
13.625227094060458	9.171693541479087
13.059358624038458	14.238418316124369
21.26962304031238	0.6160476413218374
13.006787520080104	17.675795465202118
9.630619610091188	13.858651840803377
12.958681529857765	22.934777741871457
21.7666563651787	16.521854405610373
1.8046363463477155	10.355829532601483
14.186711109154752	15.684796596824652
7.212799574386381	3.844256824159717
10.56262181135225	7.156795651915726
15.298936633941853	10.258071414441991
5.726748931102102	8.702402242257765
12.531465601583117	17.397101643781497
21.588850677486292	13.916365821108368
3.817721518402681	20.64688905246537
3.463597730814044	22.752253661288226
7.34627243554245	19.573087048028192
17.35636013820791	5.224182634128594
9.405179037901396	6.058108766540735
21.663482174126344	7.23794361736822
11.551141189113368	17.952780194395654
12.47518954054706	18.05564683128834
7.4843363265521266	19.078590919166807
8.524504093157006	15.599156033327974
23.51469498127617	0.9122198839167012
4.9606313850255015	20.944308640972615
24.986638869666933	17.09957131133233
18.131801400022507	2.4230178969014387
3.603970013740096	24.949698985213608
4.872923135064272	15.838231425282867
5.059361974715881	4.012715669735148
24.615054582400457	22.731217796962362
10.443145968501657	4.201995018359714
5.102342676417934	4.528533873370563
1.088187769687579	16.066226065076133
1.0263052858405286	6.598771337277714
10.621023781302016	0.7965340182713165
5.997003376453611	5.770643675282491
11.327006719761243	20.855022511588817
4.548523995117831	4.5845089239223755
0.9720836222946116	19.16975075993132
21.4437143077453	22.853498868276557
24.474063271707728	24.541411629769406
19.138357308579618	5.8036698006188185
4.3025557483641705	23.377208329238012
6.361406543731385	8.275357692974241
16.346430898151848	5.853197427296561
11.455159671490298	9.44328498498084
22.29097060069877	6.587050507795034
0.845545702202874	4.70674760758344
7.494696107305055	11.025019085606754
17.028379795979177	20.926499349625978
19.717656477900018	7.896669921318203
22.957519401604426	14.013225646596364
13.511161501070765	16.904240685084666
13.124393978581296	12.298420583627884
3.691835862611992	8.167354584638787
3.1197148823732315	4.1501820439907355
19.4442450221218	7.267340811736925
14.615851314532874	6.076975439910207
1.573560916657668	12.59920390008692
15.508223829996876	13.89743029487827
2.0231403710650158	19.71516881437029
6.468499639926742	3.8699359775031112
4.717147982647177	12.90913891329378
7.138801877416165	1.8511186509235555
16.377396701888568	17.73408084820746
0.90226669685326	1.0906791059043852
23.064959931290453	18.55998374406282
2.8593615738926355	4.753070589854266
11.164219022773834	5.706718702530219
23.146386210600234	5.936909891295245
2.60428697634652	1.4317295739117912
13.05297377840335	6.8171815642368765
24.377965951182507	17.399381502952696
5.994570210405123	1.6147602201135147
9.473588741332259	19.592484435040117
8.40440087775666	11.745185123813325
14.280703857043475	19.948305440300548
5.9629269830177	14.698649960782268
6.817499589776871	5.5874298939793485
15.579838986148372	21.662456045331936
10.834461743956563	10.519118916137945
4.656167501788569	22.991329981151182
3.4269759477225605	8.843801951563304
2.8513824753699764	14.960330784263643
1.8781911740326702	0.6527954237400907
6.656746747617081	2.9779139873123
21.339412660395592	6.727213872073795
4.35645243980261	16.8056065677182
7.075164514820608	4.371348775633146
18.931295362698425	7.363216176332066
24.588208871101884	5.154198130717683
23.164277014300865	15.252233743997875
1.0414867536603674	14.155727645919928
10.943873738225582	9.606335515230624
24.412470496330986	16.433778983296826
24.758324416144696	13.812381872618843
13.731675194118974	24.9109748505544
5.751355733378932	4.15772720240444
11.449799493028054	19.329799397003317
16.530450444873264	20.45132663618397
3.8211772886450666	4.118583501669043
14.603297300514628	13.47101257539852
12.105852624564516	20.45227394136931
7.2965467659673156	5.882908161970349
20.23154163604252	21.818135135117835
1.7109911630868002	16.846634725904934
15.90671458711348	19.784833974681842
13.490152062162517	5.526119872008733
5.26620563916986	0.47248765709472507
7.631290489506862	23.155505500524708
14.754009672205125	24.810499734613074
15.217667587367043	18.265399848855022
22.84272908808042	21.94151557486539
14.739565458569015	22.332728409710366
4.663192603323169	0.6259889921855444
13.956992219741238	11.136374773502581
20.671308586806674	18.990418923745505
10.077683039921517	17.674510139067063
8.803865299431251	14.242694933743454
6.284800326068626	15.859709532698046
9.451993226892135	3.640432283560277
9.301092126390431	13.01571477906949
8.69052520496269	2.315180350087906
1.2622555049681183	10.936580566530138
21.087153057279767	11.16252037542015
13.159423190221165	13.613056420659097
17.02109572633207	17.44277931934535
5.844642534586006	2.689642792897767
20.15797201812692	24.916609698587454
0.17270764286125007	20.3657319351324
9.54834651725118	5.3737783224992
20.135429613246437	3.9995403397963285
19.602748413576002	22.37398098031355
22.546866669654726	11.303398377113135
18.375820236063966	5.137660461111543
14.35908952331256	23.96434270424831
0.300046719603389	17.87717491257662
23.758812427926358	11.431677373821334
7.437710903058104	23.864440361656342
2.811912448346221	22.836450621859523
6.624446454376382	15.000624816492438
11.354706982160852	10.137627233440242
7.751910503641573	7.046177753848201
18.466489425530845	17.10042462297438
16.647499725904755	19.22810322048491
9.735318763198114	4.909206695786494
21.677590639284045	14.748118467491306
8.131224912979715	2.606435378135391
24.9231589359253	3.9789938706430936
16.477531748956572	1.397545161055333
3.1142737025163623	3.075354254881171
1.5411813459685286	0.24548976711681603
20.677727355644194	0.4477509370160254
10.047322463381485	12.822702175952411
10.41838077033603	24.55521664256187
17.777728857376328	12.19354873157986
24.89717713439619	21.850329861618476
19.779422648387783	8.889535290548267
16.054524293353342	0.7238723880625686
12.566675924862643	8.611871033808471
14.642348452112747	1.8547601826462339
8.54607648436459	14.780376102775318
16.20455921564346	23.037523377500982
20.1173276564255	22.573859031271834
10.555112123857013	5.78476168550171
1.1072624411878866	4.023408170398163
18.827482871936134	24.31387104014337
24.0202642858576	14.0284921398122
24.983403797669173	1.8142175786152848
8.125609004506451	22.65302419486164
13.787008200610417	13.665770964480698
22.266824687074998	18.610790502474934
7.733423961969025	1.7289770987664488
22.15203863668761	9.146880850943113
13.200313109053505	4.489945521196859
9.603024165785573	10.469180680629538
21.590453582408685	7.7541459665776085
21.431420299028574	2.258743988945597
24.691025493922712	19.600759638434166
0.540680874574484	10.07473856349208
12.48514512680203	6.355143617165138
23.341565184801933	1.9053387341821493
6.598368439748106	14.098689622086566
16.70491190664463	3.160153744042554
0.5953348499337485	5.233164462434561
11.960430493546628	3.7648194675195175
11.434401419304638	22.378420345994755
18.27654885197773	19.36490528853626
16.90113814687141	5.509260670671856
0.31964872271625366	12.801191737654172
15.43383385107579	24.673380013106964
2.924487036422099	7.669892656900523
13.371100561457746	20.275846916266165
1.2542792381516787	22.04282521912141
8.849107597832903	21.40609951304395
24.930283458403633	6.442018736524807
14.382801313564206	18.396991806449655
0.0012368824262753986	23.083977564884805
7.514772698088571	0.8803721750273497
1.8671651820410333	1.5327937394629205
8.578732468100881	8.008237219076417
12.146367041610425	15.221217033385601
12.341137207503387	21.398079790968804
15.422211527351964	1.6607528052955538
2.5950657851860375	21.363559790055056
4.046647607423973	19.197580912319168
19.807409537365388	14.866840725661387
5.39582436029625	1.5553038687854155
1.941953145626976	24.84853555768333
24.80718056247326	15.386989961028725
18.572211044142424	12.879658781754813
18.24968706924791	9.862448802052883
9.484293837951169	16.359130466775003
14.123335430513453	3.7014573902908214
6.768779310464615	10.558012810873773
20.95011916513894	9.327097926697562
12.656635625634676	5.295291613499114
5.2879725149983985	19.330734545045996
0.5703067539147566	24.751613152633997
18.227127717763334	18.127918609869926
7.0184409782159705	6.577984189428032
3.8975988014882113	23.675498728385023
4.170685963341373	21.78915582976207
1.9075590842076717	20.436859944033532
15.572628963261536	4.987824702261806
15.0349053201106	22.75002486768198
22.051690798317725	7.956282628567527
16.744965819645532	8.347087626823905
16.975001159518072	18.74737630848915
22.36978867166803	2.2458988110676343
24.381879501953616	18.616917511451668
19.746360505213204	3.216522574988473
18.18605147042036	0.36585867033279984
6.998908455415356	11.861616315725898
6.027623671391696	24.97212374485264
23.862925412240134	16.541405870642976
7.602918128696934	0.38476045498328504
18.77345782192891	3.15409312439579
10.627049446103277	17.449009448977097
13.754566241235564	16.260617300479165
12.782523535112855	18.65503867844319
11.311726095982937	17.23295798494884
13.258191219815723	11.701638895242528
16.87092633753629	24.912495045779778
18.331748670341423	21.33859985558178
11.413659713732729	14.603164021220477
12.86429817524161	23.579858929412907
16.846299741967037	0.15754935605874487
20.395668613328464	3.280978787011568
24.049862054584395	6.633570680444068
13.135196309535077	2.452752037393091
13.864872925285395	0.020314851525213284
23.028479495125907	16.99752607085229
0.6355982565572071	22.216654384685928
13.57977944462167	15.105255808210586
8.772186079447032	19.50869936017853
7.322990374650399	17.439147911580456
6.333820187571609	13.438615524746513
15.694999781464327	0.36890984202741506
9.008081303472409	13.775595591659446
24.429242303429596	7.816710358609286
3.9818845278481922	13.155461491760661
11.925018991802336	12.752539648841262
20.89761234647877	18.323510812945774
14.289915662965388	20.50088542555439
7.586973325837115	5.102680455309708
0.4437326264672803	19.16963264146642
0.9071038272286502	13.42815008507795
18.697553383519498	13.91731898482261
14.774410139867877	3.456199643317598
17.183829465743553	19.65889672512797
7.655575769092682	12.673558234690349
22.863774173571418	2.5668110501387758
3.6313121886873025	6.757789300934197
11.110994586551817	0.9171664356228071
3.327898098312149	11.39024832020139
20.15296061102617	5.402369403165785
6.678752447435651	21.123320964684428
23.844549545976008	17.161418325037282
8.19627905742275	23.859176269725854
23.206704165243565	3.227936947901661
12.277978613886825	19.28288808229079
13.390059027985698	21.648770591559384
23.057016450145703	4.962599255229397
5.334289580019741	24.866815226562487
14.043087970924514	2.374710139523703
10.46495677265945	20.397664823072585
16.526437284462595	14.229291319505503
11.974579914359925	18.608439583005065
2.6640685284639973	15.836839469898067
1.6806045203064919	6.691512442718494
18.869233433280353	15.46065503624246
18.230063707288245	7.076951245601687
14.970640536607252	18.95265785116252
14.778309545054721	17.125556807570234
8.381655765309793	12.460827344190134
7.756922470193079	6.49233593702534
12.05061122443193	16.640401418001403
5.905607277912559	19.743786151574255
15.94347759041106	2.4194303228065706
16.20302462312914	13.459706576715803
15.664907332155689	22.696066742441523
9.56797485642425	23.355070393962425
4.093664682471612	9.081552011380298
19.720060584527662	5.81611215945434
22.87882722184208	4.2788227020276155
0.521806212673806	14.14193193387334
11.06545017891297	24.022745575120442
3.2933559149546183	1.8904979071503432
5.337907632678773	22.32527746493307
15.646245500625792	7.209429984143273
15.92816519492498	6.158648112515189
18.10585527122846	7.8170872751611356
21.090066570408755	5.6823018407634045
17.627266865461287	3.970436999907867
3.720393732086247	18.36410701329512
4.95272276332649	11.441615972484803
3.5207539970423114	4.710889743540195
6.367644712703874	12.435468105142956
5.357131608472651	18.062766892065657
8.686054740150126	23.111049674492524
19.94520163041019	20.00123390947574
17.39387890140839	11.510935403074566
11.929316155966713	0.6049618697216541
16.69786417208278	10.440010693437014
9.148589711855118	2.79283973083308
8.781863226460123	3.7079780913676945
7.611697675119755	22.238466464240645
2.377016262979448	19.23198522096628
15.067560758411943	7.964971350113934
8.585216260807641	17.359525687611015
13.485858787719746	6.069562866666689
16.164482133353154	12.293285623156248
5.9908707607558425	0.7745893021361278
13.712095480648223	22.577939394330564
20.39666740074756	19.513146548217687
2.993352315664688	16.924311587550058
18.838534354676494	6.563213610715413
19.34374157406911	0.2562936242608116
18.018803399420324	6.216321498330163
24.38856119310544	0.45566001924477184
1.577800931050957	15.410055613123404
22.58000583422057	9.862459973193651
20.8354326858227	5.014118949491758
9.460696847660044	20.66425731790436
3.3072346121767544	2.581358863298744
11.607610225900093	2.681426207416873
10.250650261391883	5.064647652538101
19.06747362914823	4.4883601303117775
5.286693251560615	12.9610423244159
1.8375926443912949	4.449438309541954
19.11630876164294	21.51990492941638
23.047436371887702	15.884513828462019
24.204433526187415	19.10507418099844
2.8876337642760985	9.527409050128908
23.3879157189447	9.73321377155523
5.414725187731673	23.59289941470817
17.618677519352026	20.806826533102647
10.988231755105193	22.731943752407663
6.9052704198914405	2.5050360980284543
2.1398443065592883	16.53577880115883
19.684335811610374	18.902671942994697
6.099092115134358	21.370913076616365
21.707425352039333	2.6948336230162298
17.299446645508368	10.57044941432313
6.412989490969631	11.60840469060199
1.138735237962654	9.561283902056172
16.790723769288647	14.917020468618503
2.558681646789798	17.79652262617124
11.3384776925466	11.610572555349771
12.761390348171203	15.370908682128654
6.913177129255047	1.1544717880919846
2.1776897088988667	11.98688726215615
24.968994695918706	2.9860308396861353
16.01633658945663	7.6234389596134795
4.2137325854101375	0.3222721719788796
0.23766706153706962	12.301792163533582
11.269635935608433	10.970752617039551
16.47834907195008	3.782150080312352
22.92418299512031	8.583440702928103
10.953085416818706	2.2136654546803607
19.07843441167541	11.363064455591463
0.3104174192853276	4.242575878559412
23.880800711861234	4.628921472113912
13.311681582166193	15.979496355544109
3.7691803698200688	5.8142217984114035
22.25164897212777	0.9524399447861653
2.672286685367081	5.316865660725914
8.758215372102999	12.80643817318513
6.118168858603232	22.206632323827215
21.01927360004519	17.143615943414172
9.415607771749034	22.84913767207527
8.502148130217247	1.332851520630085
14.898579982335713	12.702898544893385
9.217714986705264	2.279512419257579
3.209960416383634	22.285492095361224
7.755966590676475	15.534070788714688
20.39113909211325	14.663156778861474
6.563305817460968	17.00186045275881
6.477246472298654	6.365441051266243
20.293125817458577	21.21709621571171
24.72066200316723	24.092149048470915
11.60121233360884	6.66974052157309
3.5061236378614384	6.259011917836577
2.330712522267536	4.730222242044308
4.194036502720938	7.961148989422314
5.095452951731999	18.76896560186317
16.71593638632955	15.576780712863817
18.265435638792113	16.091355795296852
3.4667708419558823	0.650627240212559
3.731707410904364	16.693504674315562
2.476835007411535	0.06435340307860138
4.266529959882693	1.8438358386153264
13.75144711716919	6.832927441035689
0.5462486281008871	21.28578524455503
10.217669404682086	19.85452040855304
14.281419961566092	6.481347677376811
1.9429763899499408	22.413813722622287
6.346851702546016	20.722521077934335
14.77451575781808	12.127978980452436
8.841385538154631	9.83102264890094
10.268204448452112	2.554792872832662
2.699218330620903	0.8173227760278207
21.104799994548866	23.80092061977075
15.13784119550852	15.577464788916865
1.635967766783339	13.479062126253302
21.289616888263588	3.0681625080414636
13.611668070019828	1.5022330565530817
18.793264880121622	12.09549290149826
12.217269399035303	4.250405733560974
21.607662544110447	11.24790091431003
4.485937126809522	24.37197336859629
19.125595873424338	22.64967555004668
14.480295195068566	13.975234129173387
9.655621774514195	15.399653637294538
22.162136509086153	12.97157402310437
11.948405845705393	8.491842975318981
16.054780976766796	12.803178803517914
0.5238980688315381	23.653991690497573
3.829096096678314	3.165832260545015
17.922323874751445	8.64416400942021
5.170111465778532	8.945583898510181
21.679730770898587	12.493395364991747
24.84942716437097	18.315953301662745
23.369357082882207	23.800677660822267
8.017937203455345	21.73558576899934
23.620315532144154	13.343364675498648
8.10533212126508	9.578838899788632
17.374897527231916	3.508153652779955
8.41107292894664	18.45248656445318
13.89901578899714	7.954106817673335
3.5718613354246145	3.6626876734752707
0.774075199722199	12.518404504782207
5.773675870377065	24.305931186762372
16.2731962347938	11.794681352122737
12.639914926556076	3.871168555712934
18.93144653345933	3.7719732186452193
7.192079117511713	7.852980405435603
16.008639152594707	24.741141295032623
0.026881787166457838	10.25978964806975
20.86715230623117	8.451499406008592
23.910194625417812	24.88978252777091
3.0694659607020975	13.393604461668101
8.309253768992312	8.669960481414114
23.201315305374802	14.631103282814637
21.894518583122274	4.566106779645193
10.606086334808998	14.707835355016313
12.304756011787715	13.404697607734345
7.76075187212659	11.988283094243243
6.80754784886605	19.030862064022887
15.612331839612795	16.477759971209508
11.58740139090693	23.360809621866526
4.396198312947372	2.3307782194079723
18.79499812718252	18.63438703561331
6.801912505744043	16.232852299682214
9.28130073484379	12.491059955616619
8.39722152115449	20.290505432722053
12.008529151257521	5.026803456523537
12.905110999176284	20.556132774812887
20.878279680896583	14.1187469917536
4.630255577152162	10.332629890838357
8.944932975855135	0.7806579296534555
10.792128783194663	19.08510512290501
9.54647231404728	17.032647286168913
11.949284524181364	0.07432918285500689
24.918279004493172	23.40022320165348
16.474794638426072	8.893625558088669
23.604745405804863	21.682325638009907
10.311741090446208	10.186369159762195
20.12045984069168	0.39834792606177616
20.464452628984606	1.24236957708313
7.168152915227746	10.01238114145947
19.414700138875514	2.841046566875896
7.564315417918385	3.4401989401669857
9.932237179104783	5.838952680290513
22.450994204077556	22.929983135947932
10.872200722343742	13.160836421989716
17.432294157329885	21.93871426396308
2.1756530583811355	21.914430441621704
15.992788262328993	11.184640546824271
7.841381915936296	7.95790797981917
18.994723155052686	14.680131179815833
9.345475374567405	18.021635231786505
22.983022744975123	18.05051520438247
22.878684565778727	0.6812074409940555
1.721635292391435	11.222002089230848
22.95888527229647	6.918109467336891
7.370272356988902	24.707077034960093
8.057816578805996	17.88906303701256
8.23697166770033	13.303640292273455
6.775773825272269	0.4098414979070264
9.881464295336146	22.30415369326447
22.62291008209564	23.820934739614508
21.538188895304906	18.749605883829474
13.838749860501427	13.087759741114818
19.924295901303953	10.514054821543986
18.754637889046997	8.277179589924097
19.85165507259585	13.332986656059598
3.8565575643684484	2.607661121058033
22.77975433270206	20.33099651530219
14.737249206589414	19.544876107855444
5.006105524294552	13.746984969092477
12.693679233243902	9.856490239769219
15.078190149473022	6.807482511199686
9.915538128442183	11.475432478528496
9.526968429771523	1.2616614633786882
21.75154881126793	1.3715523234855143
1.3058022744862035	11.77165161698927
2.143752583445699	5.30009894188461
16.88700622207431	24.34895460160899
4.979381608602757	14.567840854180753
24.81000630741777	1.2241379218701693
3.818668068945547	12.650764007356058
21.2380836818144	20.92928788183215
12.357306233290464	15.70445865046864
17.335150673402325	23.22955655163332
4.592707616866629	16.263916455813185
12.992625158975033	5.872062846249912
16.935607381582063	13.403966951945668
18.483283645940528	22.751889340975048
17.381338730258005	1.3400354555064138
13.99202671609873	9.620030509361193
20.0609577892376	9.526340210642346
12.554674594391118	11.509755653774661
1.3859798523843807	19.629217547503888
5.0803116251975835	9.898307332825574
21.16314455734499	3.88095371639787
4.091225174500812	15.441207923849351
19.079640450035715	2.386932588309629
13.297678050381876	7.455673020693069
11.655044036077516	1.6217951004364406
20.06493733975409	18.063131476903113
13.12136839830495	19.103933948901112
7.8555872615647395	10.22218645520048
7.094868863753781	21.78273534521271
10.757344129483323	6.628828239513446
10.519126215850424	8.340308317811393
19.61367545171504	23.19322443631897
20.230161430567154	6.643430620357021
8.546206170315207	10.9490761898212
11.068297226983592	3.512126915383032
9.876088118751051	24.602787816846416
7.268864049664633	16.932264624212806
18.609519764918904	2.135173750333816
19.99994251564398	17.483724483545995
7.161821061265811	15.80281258223278
0.33141028145163565	15.294797570881553
14.332038050829047	22.6947500205031
12.39698205603094	10.363051832000025
5.1980436772504275	1.0741447642357431
0.7868939117701895	20.041135536618977
8.956926279997488	7.388808353122577
24.948408593909775	0.6304586277630753
8.45190007235346	5.404676371057892
15.425111888472417	2.6093955979963583
17.57000947739175	18.32653215562739
20.839545362418406	7.3757782450867255
5.221557244442213	7.277929950570172
19.51450023026633	8.456298276601604
19.888444652757663	24.410018819322755
10.437352002671267	18.070804779080525
23.10528314677297	10.837062078338963
22.264708014391317	4.929684428455966
14.867878447681445	4.689465828558307
5.696636871574065	7.483954286745032
17.334040922882902	4.724511384059324
8.389902716201183	21.167378082773602
5.322593009202606	15.432758782213682
5.693354808217063	21.754057922001664
16.757982871126963	2.0456851192169223
14.903194945246314	7.365003160593309
24.292529501113528	20.082585786670037
23.297122846506834	12.732193300322347
20.442073355461254	16.71900932643085
13.734297922589715	12.35579205123878
17.43627118447419	2.5686572065578033
5.102191401256317	2.07637235638711
24.274230492241102	10.234427436503521
18.512247878234607	1.2101473448903084
1.1033581228982707	17.14163692854215
13.703291239572568	19.792367626941225
22.302285448541088	15.259138317662757
2.2862286323996646	17.247972418987302
22.343435675650863	21.969108092791895
14.23066031140551	20.999362950988676
19.255845977348383	13.701541148862905
15.818929781235463	22.136464618187645
15.24120603192447	6.238662984648268
5.791988114600366	13.124089774309738
15.95549864074518	3.9293035989883514
1.938477294070784	23.666757085395297
12.507892680530144	1.993194679227142
3.9875467603378842	0.8894682345463062
19.549501515176477	11.808862364005124
5.612811471002649	17.008978565244835
1.8614194281844658	3.299737971466779
15.997071900285459	14.326376067327828
9.960237135081988	19.178522869010294
20.164996832945707	23.480547183714265
9.170612561546093	8.28360629477325
15.987245632516967	3.266997178459202
17.708223441650013	17.362775961883013
3.0322780329831627	24.78704678399575
10.829334911707331	23.445828039693204
6.866589317696803	23.114147239789578
19.132704071725243	23.74010889756234
24.91941823507655	7.654941698366691
13.650435170152752	4.853040777165468
9.411084219677972	21.26748268053541
12.717591357806393	4.62187981186884
8.8664513461295	17.83804733013865
9.51398805091771	7.291117247478537
17.59862468808862	19.21022678385152
17.21845989009593	6.357962456643737
19.395498234459826	1.8274298112874454
22.49774765506832	14.635402694391916
21.243038140533223	10.488764586286376
12.796657905777456	3.3182292982327803
10.44832575375995	7.673212303129589
19.43633334749464	10.037347447565836
2.897390033834271	6.16728469160206
5.466938626865908	20.507431674447123
10.651625844375893	21.68124243717648
14.824261405009922	0.5961439292701931
22.8127153078069	7.881904063205031
19.63554989650683	5.320554194355881
7.3228594862840914	20.28894386694467
5.13564132560583	24.02828865583104
23.766491326578375	5.162368236252149
9.701834454523176	21.762509584989694
20.336905140656242	15.920404345460282
21.29580372157562	22.155728612546632
3.759329338849296	2.081557908847645
12.050362896627027	11.69890812853348
3.8516997521770016	10.580375796998053
1.2039412552517144	23.486688173118132
4.388730875259999	21.087376948534903
8.734282809269217	6.061765104002051
12.256503129468923	9.132770461586501
13.90615121755312	24.379639202530797
13.908086918306427	21.541882630309818
15.75044915528304	8.342499675475668
8.038388090081646	15.03727031133924
20.586382631743536	2.3303177853482957
24.111673485382696	1.0636928853337753
17.18080823802693	16.643024844166295
21.894716126465287	23.33030886739832
12.841817452685412	13.174389691614236
13.977453696488748	17.84041070521138
9.745157220630713	18.325390666593968
6.704582329344552	24.455613427312908
11.209667293738956	16.521917008953444
23.738525004051656	14.543611457617716
9.728043528229547	20.091472745165984
16.95024948747647	4.325138935679848
11.213244409646927	7.103588224430399
22.686600840880295	20.88580647164802
15.91516429681159	9.84374265691739
24.747606275800315	20.313173013965677
0.21194954401618227	1.1351036326809423
10.112394757389026	3.7117853874153144
24.466714841376305	21.55757423838638
20.695591044962278	22.82408494840854
20.37487238547348	11.70276614277706
1.32169153015666	1.5169463037524256
0.16414853402527962	0.15659313515141993
8.464300246160757	16.654506167752857
12.935178081237304	1.456356529161709
23.91374641109445	10.948783251626478
9.84464942925195	4.379178144167365
24.499380508006706	11.914970464310928
23.575725755329373	17.697625523129194
12.904473496230956	16.564272243606506
23.872215225698326	23.552115341841073
12.62745822176675	24.089980090769338
12.006815671597105	7.948867120081326
12.484625360490046	22.591554956780055
9.823439223827869	10.923641980401985
